10
-60
0
-36
-98
88
100
72
-28
105
-91
124
115
-18
17
-84
-99
7
34
-9
128
74
108
122
-91
64
12
130
18
109
-23
100
58
0
-2
10
-18
-64
-85
-66
-9
60
66
-65
-13
-38
-81
-15
147
-68
124
143
9
70
-37
10
-37
143
148
-46
125
143
14
-16
92
98
-1
-61
12
-26
-73
8
-76
-75
75
150
63
25
63
99
-74
14
62
83
-44
-77
-62
57
54
133
33
77
142
80
28
117
2
86
43
139
-2
-65
31
-87
-40
-15
-7
96
127
84
115
-74
92
-83
48
-1
61
50
-68
89
48
-99
-67
-10
-78
55
-21
106
114
-24
64
142
-40
-14
94
108
-74
117
95
-14
26
17
-82
-10
0
88
-66
147
57
128
71
-93
52
139
8
38
149
93
137
45
133
-26
32
81
132
103
96
102
150
-22
69
125
129
2
123
64
-97
69
113
148
-69
90
24
-33
-92
67
136
-7
-48
-9
22
-91
-7
45
-76
37
36
51
-94
52
40
90
-44
116
112
-36
-6
-81
53
-21
-5
84
111
-87
92
132
141
15
-44
-82
-29
-70
-45
19
125
130
107
95
22
21
102
56
35
-97
-55
-39
135
86
89
-35
136
-4
61
-58
-85
-55
-86
-46
-67
31
-78
51
-85
80
-69
-1
106
-58
84
-41
-73
-77
-57
-84
30
117
96
-34
-68
77
98
43
-6
16
-47
51
99
11
-34
82
108
109
93
88
102
28
61
-77
45
-6
82
26
22
127
-65
-100
73
-6
76
70
-2
115
74
45
67
-93
71
132
-82
89
115
-61
15
0
149
57
85
54
-6
-4
-34
-20
-84
101
68
55
59
-71
40
83
24
60
-47
36
-74
-55
48
-45
-93
79
114
-36
31
-77
39
115
106
140
114
-53
34
76
62
133
121
73
68
65
-9
76
99
98
85
57
7
-91
3
90
104
137
-46
55
10
69
115
61
-100
84
8
146
108
-76
-59
66
-40
105
146
69
120
58
89
120
112
-59
103
34
-82
89
-13
88
-30
56
-4
-29
101
-30
141
142
-64
55
27
89
-49
45
38
15
-96
-62
34
-23
143
71
13
-84
55
140
45
116
-68
-68
-3
130
43
-92
56
-29
-33
30
72
-73
-75
147
100
132
0
46
-53
34
-28
119
-70
102
87
76
53
34
15
55
149
36
73
-62
59
0
39
-85
-47
64
5
141
32
146
126
38
145
4
91
-67
90
-1
86
-74
-57
128
126
73
119
7
72
13
138
6
40
35
6
33
131
-48
29
130
64
-81
-37
61
124
-67
144
99
15
71
85
-98
6
-85
-45
28
70
37
112
-40
66
-61
45
109
133
56
53
23
105
-64
-16
-100
-24
15
15
-74
-31
-8
0
83
109
142
12
-90
23
-94
1
76
94
-79
72
-37
95
-53
-7
-20
-44
106
-30
-46
-30
-1
9
-42
64
135
86
93
30
41
27
132
57
-70
36
-50
-42
73
-70
92
32
87
-98
1
-33
-70
83
56
93
133
114
125
19
-58
-34
16
20
87
-50
44
7
-94
150
95
145
-68
35
126
11
-82
-65
-23
-44
20
-36
93
-17
43
106
-30
-45
106
-23
35
55
-98
97
114
-87
64
-90
-34
36
-64
-88
103
146
-42
67
-76
130
76
63
141
29
-11
-21
61
82
-78
121
44
121
37
-85
64
-52
64
121
120
13
22
-7
17
29
128
130
-79
-40
126
30
71
58
26
50
-2
-55
30
-42
113
42
61
-19
62
-7
-38
92
138
130
-86
-3
119
150
-85
-37
108
-92
92
-88
140
16
139
45
66
135
-65
85
41
90
23
132
-42
111
55
50
-15
21
-10
-74
55
72
70
103
-67
137
10
-22
-41
66
133
-61
36
78
-78
94
25
-52
124
144
-97
50
100
-67
-12
-78
98
-82
-18
-21
96
-46
-97
-9
-12
145
45
58
56
126
75
-83
108
-26
73
63
-31
17
-68
6
19
141
-59
-9
20
55
74
1
145
-23
119
149
96
5
-20
-47
28
-77
46
-18
60
66
115
-87
-53
135
147
-64
103
36
101
7
67
136
-81
49
149
-13
12
8
49
22
-25
11
138
79
-16
-70
122
4
102
3
115
90
131
76
-81
121
-3
-89
97
45
90
127
53
112
80
83
-58
16
27
28
150
-94
-12
132
91
-93
-21
96
-3
134
29
32
-66
-70
51
-96
-29
147
142
56
27
147
-64
22
-62
128
116
94
94
-46
60
115
-77
-76
52
-55
-98
-31
61
-78
-99
135
-14
62
-3
18
98
-85
69
-13
145
-9
-71
143
48
131
66
-1
69
-55
-55
147
126
-65
-26
-50
68
-49
101
-1
112
109
20
46
-34
103
62
-4
53
-16
145
-23
-62
-29
39
-40
23
65
129
55
-84
29
125
14
9
-51
49
4
143
15
-64
-7
61
149
-34
-79
22
-18
130
37
127
65
-95
-58
91
133
148
-98
136
-14
38
78
47
26
50
-87
43
148
6
-95
6
-13
-2
79
-90
46
-44
-42
118
98
90
-50
91
87
-20
-17
20
-80
-92
-31
75
141
147
-91
86
85
119
149
-29
125
41
82
-17
138
-41
-62
-29
-14
143
54
132
4
-58
-82
117
-54
104
-43
79
131
-98
75
98
-35
-72
86
54
3
131
113
126
110
15
103
-67
42
106
103
128
31
-85
56
-75
53
105
143
-79
35
41
-87
49
56
36
148
116
52
-10
-54
11
-72
50
112
-26
-66
71
-70
-16
58
50
147
25
146
56
10
-10
-7
124
23
107
-99
20
-41
-11
12
37
-50
3
10
86
43
23
63
93
30
53
-75
95
6
-61
77
-53
84
138
-76
5
95
-34
47
8
-36
77
15
38
-3
-65
127
129
38
7
-60
9
27
-85
33
64
14
-95
59
-9
150
43
-62
32
-63
109
143
-53
124
-37
72
110
101
87
-94
37
112
-66
-63
-46
85
-42
83
-12
-87
-2
77
83
148
-69
-23
40
-74
-42
-19
-21
102
33
-36
-53
34
-32
99
-71
-17
-74
10
-34
-88
43
150
41
-99
136
-12
-45
71
65
112
-54
5
88
-74
-48
-41
-40
24
-52
1
72
-19
-67
18
-45
116
-82
88
0
-9
141
93
-48
-100
-28
59
-19
-35
-86
-88
-89
7
-32
0
-60
-35
-17
110
-52
-23
-24
139
124
32
-65
83
1
103
97
125
10
100
90
16
-56
60
-4
42
63
4
-78
45
-26
74
138
-6
31
15
64
-7
14
121
119
-53
-93
115
0
83
-19
42
35
94
-85
51
-87
6
77
-5
84
22
-6
141
113
140
-11
-68
-64
-86
-3
-94
116
12
-6
117
-44
-80
79
15
-88
22
-49
-88
-87
-73
25
-100
71
85
-86
-3
10
72
-70
73
82
70
22
61
139
103
147
114
53
-79
143
90
22
-15
96
-7
124
102
-99
-9
23
61
26
52
-48
-63
32
54
21
123
92
74
-18
80
-74
98
141
133
128
-10
37
103
31
54
6
74
-11
67
113
121
122
57
71
-49
90
137
-11
-33
9
127
21
109
-85
-56
-99
8
96
87
-78
49
-26
44
-81
4
-55
13
120
-91
-58
113
125
-92
-90
-7
-60
93
-44
26
72
138
148
110
22
-17
130
-92
-16
1
122
42
50
126
-26
-11
91
123
-38
47
57
-34
130
3
149
69
58
-85
-97
144
-88
0
97
58
101
46
33
44
-11
116
-90
75
104
129
-84
139
-50
99
91
-20
-56
-32
2
-14
22
0
9
-2
3
74
0
-36
25
86
73
29
139
-14
-80
-21
37
9
-8
8
143
-40
114
-55
105
144
47
-89
105
-54
-97
-81
-69
-71
142
-94
-51
-1
-8
1
106
103
-12
-6
109
54
-49
-58
55
-1
63
41
-89
-95
-28
78
0
62
-22
12
3
-17
30
16
-49
-55
-85
-97
-67
-68
58
67
-55
-52
-13
137
85
85
-30
15
-7
13
-22
58
-64
96
28
83
-34
-27
-70
74
-66
-38
49
53
-16
50
91
-55
-27
-85
-98
-49
12
-71
4
-62
-77
36
-59
16
15
-10
134
145
119
28
-9
108
27
-62
33
-92
-58
-33
-67
-30
-64
-27
-54
-74
23
-93
70
98
-28
-100
86
72
86
-37
20
29
-23
126
-39
117
-14
-51
135
-51
-96
24
20
-75
143
70
-48
-13
-28
36
-7
-13
-4
85
130
63
53
-51
137
0
11
12
42
-43
64
129
-42
-97
67
65
26
-8
25
100
148
-34
30
113
48
19
-78
61
9
24
81
-54
-57
32
25
-24
68
33
54
28
11
98
101
-60
-11
97
-10
-66
80
-15
114
7
-77
-73
110
130
-97
148
83
15
-71
-19
-59
72
26
-82
-71
58
14
115
-85
-59
-58
16
72
-34
118
81
66
96
80
20
88
22
85
86
18
0
-37
-54
-49
38
22
101
75
113
-37
-41
102
76
-42
118
111
115
129
-40
-43
139
-33
40
100
-8
5
11
-34
25
-53
150
121
119
-84
61
143
138
17
106
-51
113
-37
65
-66
150
49
77
0
74
-26
145
-88
45
56
-40
-100
73
-25
149
72
11
140
-82
8
-68
9
125
5
-44
-24
60
-43
117
-38
-18
-76
60
91
-93
2
125
-7
-10
52
-69
124
-88
-33
-42
12
95
130
50
53
-58
111
-40
93
19
-50
147
118
43
-36
-91
133
52
13
91
-63
-34
-37
-82
-41
81
-12
93
17
144
107
43
8
80
62
32
-77
119
25
22
5
-62
9
109
-37
148
102
-35
100
5
-15
-54
-56
96
-95
73
91
118
4
-76
47
75
-88
-16
1
42
-7
-50
-49
70
-18
-70
24
-16
141
83
-70
61
-43
65
149
-25
86
-58
-78
-24
71
22
-21
63
-14
-73
82
-84
-86
59
75
5
-19
88
41
8
127
2
66
94
31
-11
22
29
30
49
71
148
-59
-44
11
32
112
67
-12
-25
14
-65
-13
-23
134
16
143
133
82
5
-73
147
66
70
-98
19
-56
127
-14
-64
86
129
63
52
148
-63
8
-100
141
6
33
144
122
91
22
50
-22
83
52
-66
-37
-86
25
54
100
-95
-55
-57
-42
39
131
-43
-55
10
77
104
64
66
-53
97
-39
-92
-7
9
-27
104
112
17
140
-22
49
96
116
124
-66
-51
10
103
-71
3
130
33
121
-67
-77
-27
-35
-5
19
109
-59
-54
14
-19
146
-63
21
109
52
80
149
100
-22
-45
-47
133
150
9
-28
146
95
-13
-82
60
-23
-62
41
-89
12
109
1
90
148
143
49
54
114
15
-50
-86
92
81
-23
67
83
-94
45
22
68
-75
62
-97
-70
6
-37
71
61
-33
-6
125
29
138
-29
136
42
-2
-89
82
-1
53
18
38
8
-92
134
-100
-95
11
80
-98
78
77
65
1
133
47
-56
79
-65
91
-46
52
111
-100
108
-59
42
-81
23
-49
85
-51
23
16
142
37
24
20
-77
-63
-49
114
88
6
137
-37
-7
-98
-12
53
63
47
-40
-92
-76
114
-69
-61
-58
-40
78
122
147
-50
23
-84
-96
-9
-30
134
-38
-68
63
98
-37
46
-87
-2
118
-43
-32
-12
144
26
43
97
65
20
36
-5
67
5
-32
39
0
63
91
-55
14
55
46
-36
118
-10
93
-30
42
-91
-17
142
74
20
39
43
106
111
-58
58
-92
6
-25
27
-74
13
11
-64
41
98
-31
57
5
-74
46
92
108
32
-59
132
89
42
-96
-90
-95
-71
-77
103
76
-85
-84
48
140
-63
-50
119
25
-18
79
-99
-67
97
-91
22
-57
85
-92
48
120
34
3
-34
43
-18
131
-75
-69
87
37
63
124
-70
115
61
-46
-41
115
21
98
76
100
2
-17
-82
8
-29
23
49
56
-24
150
32
109
-10
-21
-38
-50
32
-1
-31
49
119
136
140
11
109
73
76
146
109
-82
87
47
56
-39
-94
65
130
28
-32
-72
37
-77
-97
5
-22
68
56
17
33
69
-22
-47
-27
-46
57
-82
142
143
-74
-49
-27
147
-45
18
13
117
-26
18
55
93
-56
-97
-14
85
-6
-63
-8
-8
132
-11
1
131
122
35
142
-80
104
41
110
-94
70
86
-8
90
136
-37
-99
61
28
18
130
-43
71
34
-39
128
-6
-44
115
30
3
-53
-56
-73
94
-65
106
-71
-52
-73
-56
39
-17
-41
136
-47
-71
49
104
-33
49
8
105
28
91
-22
-24
79
-72
17
9
15
111
34
-95
139
78
82
150
95
-36
-96
-83
-68
26
-46
34
118
9
-100
-39
-78
-45
120
111
-45
72
70
64
144
87
-63
-80
-94
39
-48
51
129
-87
-58
148
-56
-21
-10
39
42
-50
51
42
118
-24
29
77
73
8
4
-52
127
41
-36
-33
-16
98
-19
-43
-86
-69
-63
74
-63
31
60
133
135
18
116
-58
19
133
28
148
98
-9
118
138
7
121
91
-73
4
146
79
1
42
-2
-82
92
123
104
-41
137
12
-92
146
68
-20
32
-62
131
59
-24
-78
101
63
146
67
137
-25
-59
92
124
39
123
-71
-94
-8
36
91
102
-89
112
100
-28
-4
47
109
-90
-38
26
24
140
93
41
-6
97
-35
110
104
-84
26
-87
105
26
-67
115
129
124
54
107
123
117
-6
85
59
-57
140
61
2
43
95
-43
118
-14
-2
-15
129
81
120
59
99
-65
99
33
122
-17
-24
85
-67
144
-65
69
115
120
-39
-28
29
143
78
-21
26
3
-51
-24
-83
135
95
41
65
50
-22
102
-80
119
4
-95
80
70
84
-41
-62
123
-57
-36
-83
-11
113
71
-33
-44
-45
58
-78
21
121
137
-67
58
125
91
-13
86
55
-87
125
52
4
92
14
31
40
106
-27
147
27
70
54
10
9
66
-56
-11
43
-68
-66
113
44
112
-27
-17
79
-18
140
46
-30
48
148
72
72
26
16
-89
-69
49
-53
-94
25
6
-22
45
74
147
-50
61
-57
-51
55
2
-91
22
27
-32
1
-91
9
-58
91
39
117
8
9
-10
72
44
148
134
-31
103
-85
144
-39
-77
3
79
101
19
3
147
95
-25
49
118
5
-88
-44
131
5
43
-26
150
-46
78
58
33
-51
101
112
128
32
88
8
125
-72
75
8
9
-85
131
149
85
121
-52
69
-88
-92
7
-78
-91
13
33
32
113
-87
-1
-41
-4
150
135
6
4
-37
-24
15
27
67
6
32
16
76
115
-69
20
111
-53
-78
112
76
23
95
35
24
-11
27
-72
-91
144
100
101
81
24
-88
-25
139
123
116
66
-23
6
101
-23
-72
125
-31
120
131
-76
133
-2
-74
124
-99
145
-6
-58
-28
34
87
-70
115
-84
-26
6
24
-51
-61
-53
144
-38
-5
-100
-51
-63
147
-79
-39
138
-70
126
60
121
-57
66
94
-24
131
-51
-54
-14
24
126
118
113
-71
38
113
73
16
14
11
-43
89
-70
78
107
41
-48
120
40
87
148
61
-44
5
51
-22
37
121
103
-8
142
111
144
-86
92
0
96
124
5
144
63
-29
-39
-62
-26
-50
97
32
138
141
25
138
58
86
109
56
-16
6
-87
110
114
-89
-62
97
-5
31
-84
136
83
102
-69
85
71
-100
96
65
-32
-89
107
112
-14
-43
-87
50
-50
-38
-18
80
116
-74
132
105
55
14
10
30
74
13
-14
139
99
125
-17
147
81
42
119
-8
-40
-95
-34
-88
131
-12
27
123
34
122
-23
24
108
25
-16
88
-4
-23
-53
34
10
132
0
-82
-1
147
14
-47
-51
-22
-49
-24
69
-89
83
98
66
27
-28
-63
114
132
147
-66
-33
16
-5
58
107
83
75
71
-51
-41
117
63
79
-90
-56
137
-6
-36
82
-76
-27
19
4
-66
119
21
-38
3
122
-45
-19
-6
56
48
-4
119
31
-43
-17
78
-11
-74
147
-22
-32
3
90
60
40
-40
-86
-1
-83
-34
46
54
-83
105
-68
114
-64
-82
117
40
-71
-67
-60
135
63
58
131
8
-69
79
14
129
115
-16
116
133
-45
48
130
-87
75
28
116
112
-15
-75
77
84
44
-7
56
-91
143
120
-67
-9
-92
17
48
139
39
45
143
45
-9
-61
-7
82
21
-74
11
70
-1
53
16
29
101
-46
49
43
25
6
136
-16
31
85
-63
145
91
51
132
-25
71
93
52
-36
-71
60
5
25
-24
-16
135
96
-73
16
2
95
66
-96
84
31
66
-32
-9
0
-21
43
17
1
73
2
74
36
-51
75
41
93
-55
-29
0
45
96
-43
4
144
150
3
149
-46
-71
38
-48
-39
-46
-89
-96
134
-90
14
70
-6
43
-90
87
139
148
49
-50
-4
92
143
59
34
91
-74
82
-61
-61
134
-68
59
24
55
-64
-48
144
-58
147
143
110
2
-97
-32
-20
-55
31
-19
-31
43
67
-4
-58
81
-72
32
117
22
-16
132
132
129
-8
117
-1
-44
-60
19
124
105
3
-39
63
54
129
-51
-86
128
129
89
65
142
63
67
18
-50
11
-55
-73
87
36
-53
54
-48
-45
-89
-6
-44
-51
-18
22
-71
-4
-51
143
-18
124
114
65
46
141
52
-99
94
-96
-12
-96
-41
-26
-98
-18
-20
-62
131
3
112
41
-8
10
-64
146
-82
12
-9
-51
27
-6
134
143
40
32
-28
-80
-10
-26
127
-61
-73
8
73
55
113
5
17
78
121
105
74
85
108
132
-9
63
-52
11
81
-72
34
11
-56
-12
-42
-70
-94
-10
38
-65
120
-98
130
-80
-85
80
-23
132
-80
42
70
35
70
37
-19
10
-1
29
-98
-37
-96
47
-91
54
-73
-20
121
-77
-47
63
-22
24
115
2
108
-46
4
-3
-32
-84
69
39
76
-71
89
-80
-94
-52
0
31
141
-30
38
-100
-33
115
-57
-7
-57
64
-66
-49
-85
127
-26
39
-59
2
93
40
65
-7
-98
23
20
150
-93
-36
131
133
20
142
-46
-44
49
-54
106
100
-47
119
14
73
148
55
149
15
27
-94
-7
81
51
-96
141
-22
-13
60
22
-89
-61
-72
13
48
77
-66
-91
-33
-5
61
-19
-57
138
23
-16
-65
43
-88
-81
95
-53
-100
18
26
118
4
18
31
39
56
-98
72
7
-13
-70
37
47
127
127
59
-77
-52
139
60
64
61
-74
-54
95
-43
-12
106
-54
33
-2
-16
34
99
-4
120
57
12
15
-1
36
-28
14
-70
124
114
144
-55
83
-24
123
135
-39
-21
-89
-27
136
12
64
81
18
66
71
2
-87
4
-59
29
24
-73
-68
134
-66
-31
61
118
-80
61
57
41
105
-77
65
112
103
51
76
83
137
74
83
60
44
-61
-15
99
-60
-82
40
-87
-47
86
33
23
141
-73
-55
78
-91
71
46
5
-66
-14
108
128
-17
-91
123
27
30
-65
63
139
88
67
144
24
-92
7
136
-35
139
-12
-51
50
84
133
-33
67
-15
141
-53
88
-46
-26
-51
-21
50
-19
-49
-80
-92
107
8
-57
-39
40
-85
-30
118
-62
-26
141
-30
6
55
126
-71
82
-27
-9
59
12
-95
-16
-17
-3
58
112
-1
119
34
-56
-10
29
18
-37
78
11
-23
121
98
42
106
9
57
108
-26
-75
99
109
21
87
7
-50
107
11
-58
49
110
57
127
93
48
-97
-72
-86
-84
-85
-38
148
-94
-15
114
-72
140
127
94
-76
80
87
-85
-68
95
150
97
49
4
16
6
95
142
33
30
-42
-20
0
-81
-65
-99
-32
133
-44
121
97
55
64
43
137
-12
16
-70
-66
97
-3
105
-25
77
127
52
115
-89
13
-45
-15
73
24
63
97
39
2
82
-48
49
25
-77
47
108
109
-70
54
-99
-62
30
90
-33
56
10
85
-8
-66
-26
118
-43
26
-14
5
-35
-40
-28
101
135
130
81
33
21
-95
146
123
96
20
-84
63
-33
-95
-46
98
94
34
38
45
-92
86
-84
93
71
101
-12
-84
-86
-68
-70
-57
67
147
99
77
138
136
106
32
148
-8
-26
-12
77
-14
-1
-92
-39
-63
-41
-86
43
67
-23
71
57
27
-57
57
27
35
55
-69
136
86
120
-42
33
-36
139
-24
-89
1
13
74
139
109
-56
-76
83
85
130
-20
89
-17
61
-75
-76
-41
150
103
27
-42
-65
-8
69
36
84
-18
-4
-86
-12
-43
-38
-48
92
-20
-37
11
8
131
-90
4
62
-52
-80
135
138
-1
67
-56
148
80
69
10
-83
45
-98
-72
1
-84
-49
68
-99
142
-82
150
-43
-80
7
26
104
83
40
-5
86
-44
2
-91
-97
-35
100
25
-73
88
141
94
-2
150
86
44
80
70
135
97
124
18
-49
-15
91
-78
6
-59
137
38
69
18
-41
-7
10
1
1
147
-19
47
121
95
118
-37
116
10
11
-68
27
-75
-97
145
78
57
-46
1
-53
-4
-43
-54
-99
93
-39
16
126
-45
42
-72
-30
2
33
-66
-72
108
-16
67
128
108
59
11
-13
116
-41
-56
66
-30
73
46
-86
51
57
-90
150
73
46
40
116
102
-59
-94
-69
28
-40
75
107
89
74
60
-51
143
-18
-38
88
-43
121
74
-100
79
-67
27
122
54
-83
-75
32
-46
97
18
23
29
-81
7
48
147
-28
46
149
-26
98
9
104
9
-65
77
-73
122
80
49
84
-9
94
131
-53
51
3
95
55
-7
-4
0
77
-30
144
74
38
-94
20
58
-14
-60
-3
47
-41
-88
27
-48
145
0
71
102
116
68
114
77
41
77
-40
-100
40
-20
34
-71
-66
-95
111
94
63
137
-80
7
68
-93
32
44
10
27
54
131
-41
82
88
65
-90
70
131
144
-86
53
-85
-50
34
128
112
-57
95
-83
-93
16
7
-54
17
-100
1
-53
39
-1
137
0
-65
22
-76
14
4
-32
-54
-29
82
-43
26
108
22
113
-70
-54
68
38
68
95
-54
47
70
83
78
-19
-9
95
-54
-95
139
4
-21
-78
148
-92
134
81
-74
94
25
-14
-20
-68
-89
104
47
67
-57
4
-4
-11
97
-20
-27
137
90
149
68
-63
127
130
142
-60
129
106
-33
-24
-31
-44
60
24
-36
26
48
-13
43
8
107
-60
-34
-75
-67
124
69
17
2
73
8
-84
-20
80
34
-14
90
-20
93
-11
144
20
-39
65
-24
134
48
-59
-38
65
-49
18
-65
-40
-10
104
-16
-17
-71
97
-16
-84
36
-80
-95
-55
-58
73
87
-81
45
51
128
-6
-40
-39
-60
-42
28
-91
11
110
-28
135
16
95
124
28
-34
29
-68
-93
136
59
99
128
35
-66
101
-64
123
78
-6
123
140
-39
-91
-32
119
-81
59
58
12
-59
142
-29
140
46
97
78
21
116
-94
-26
114
144
0
62
7
-47
35
119
-56
145
-69
114
-48
-73
28
-61
-76
46
-10
-13
57
-81
-40
-44
-71
-70
65
-88
-27
16
106
112
83
146
128
20
48
82
-26
-1
98
-31
50
81
46
99
28
-10
-43
145
-5
127
-17
128
36
-64
7
146
112
119
89
-96
-67
19
-40
-14
8
149
-86
14
-15
-50
47
-55
52
147
-67
-83
-43
-2
-65
98
104
75
129
1
-61
16
96
108
-46
-94
-80
-84
-9
82
111
-43
-58
-19
-98
12
-42
-50
-72
10
85
15
-54
77
58
89
-73
107
150
-7
50
3
73
16
66
-98
22
12
-13
96
-47
79
-71
-26
70
-84
-100
-85
79
-100
64
127
43
-93
11
73
122
145
64
-87
-92
67
6
112
149
68
85
-81
104
-46
90
-56
35
48
-10
63
-15
18
124
-87
-54
-78
-26
-7
-66
13
-3
-73
125
140
-87
63
35
127
104
-29
-72
87
87
64
-8
88
-32
55
-61
-79
83
-26
18
134
60
143
119
81
118
102
-64
66
48
-68
92
-39
138
-87
48
70
147
100
38
-45
-69
21
66
-62
1
56
149
42
-38
11
-30
133
8
39
-58
41
143
125
124
105
141
3
137
13
65
-7
115
-32
112
-67
99
115
-68
-47
-39
116
87
111
-21
134
-11
32
138
63
-9
-23
138
38
-22
-26
94
-66
-72
-40
-86
97
128
147
5
-52
-9
117
49
-26
-9
87
31
108
81
-37
-26
13
30
147
-53
39
125
5
146
-33
108
149
-34
-80
70
-31
8
-82
42
37
81
-46
52
107
44
10
-3
-28
-47
105
-85
58
62
20
131
100
-55
-38
-82
-22
-34
147
116
99
45
102
-64
27
84
127
-12
-11
-52
-78
-11
66
132
73
-5
72
-2
81
-100
84
-85
5
13
-22
-26
105
149
-99
61
-25
116
132
13
-31
-95
126
8
38
115
-77
96
89
-21
85
50
71
30
-74
76
45
134
-6
135
2
-46
-95
45
-63
78
81
54
133
103
-60
119
-81
102
-46
-84
13
65
62
145
-14
146
50
24
-61
38
20
-32
117
128
132
4
-38
36
131
-40
11
-65
20
-41
25
-37
40
-13
74
95
-40
-79
-68
-59
-53
91
-17
-34
-80
71
126
-87
3
-94
-34
-39
-74
15
68
21
81
59
32
-34
-35
-40
21
-62
57
52
-82
2
-15
-42
38
39
29
71
142
89
-63
45
33
-17
65
59
-94
-33
-61
19
-9
-24
41
-35
-50
80
17
6
53
14
44
30
-11
92
150
-99
39
99
4
146
-33
69
-77
-46
69
72
59
-24
148
96
-36
-93
-92
132
98
73
-16
62
7
131
-96
87
-13
-13
-87
139
57
136
-63
137
143
-73
0
11
-10
-53
67
54
23
140
-71
-32
70
-36
18
93
40
25
85
-41
-41
6
71
-29
-82
71
-53
16
-85
-52
133
142
-21
31
142
30
-99
71
-2
106
-18
-8
45
-48
40
-77
16
-46
69
111
10
-88
-27
9
-62
140
119
43
-81
112
52
-62
27
44
81
-48
1
101
-57
-47
-34
-58
134
-56
141
23
-38
-92
-92
-26
-85
116
86
27
30
-31
-99
30
-30
-63
24
5
-45
106
-74
48
-45
-13
64
-65
116
102
106
-48
132
108
140
100
15
-7
55
74
30
-41
-56
99
-46
112
-36
14
-87
-60
-14
-93
52
-89
95
-2
-16
55
65
27
-87
102
107
86
-95
0
-98
-12
135
113
53
54
116
130
118
71
46
70
75
103
-20
131
-92
81
91
3
-88
-56
2
138
120
-31
146
-27
133
12
144
-87
75
138
11
124
2
124
91
-48
-58
-57
66
141
-7
138
-34
100
129
-20
-98
-77
-43
-8
-3
111
-86
69
-100
125
-96
-24
71
56
-32
-61
-5
99
-51
47
111
34
-49
-72
-98
-82
86
81
-63
-76
85
-41
-100
-46
120
4
-37
64
75
-95
135
26
94
110
-56
-94
41
-43
29
58
-66
-89
-28
88
-38
-4
96
59
-13
92
-92
44
-71
-39
114
-85
43
56
-39
62
46
11
55
-8
56
30
143
1
28
-3
-57
-69
124
45
-1
140
-65
-41
-56
95
141
-67
-57
139
-81
105
28
32
-93
140
126
-15
84
-93
-38
-88
-14
9
149
72
57
70
130
40
112
24
-89
96
81
121
-25
28
-24
43
106
106
-45
97
-34
117
78
-73
106
20
35
89
146
-64
61
66
94
-89
42
118
-74
49
-12
-60
-86
150
126
-98
-51
102
114
-65
69
92
-24
90
14
92
108
41
51
-5
-67
55
63
52
128
-48
21
-40
34
36
34
87
72
-50
143
32
-89
90
51
-82
55
-25
-98
70
-51
-60
46
-73
-23
92
10
63
47
-82
-67
-14
-45
113
56
-64
23
-65
73
-92
103
-59
126
-41
-20
-64
36
-51
-89
75
-34
56
64
-47
121
42
119
-46
-84
-2
61
-25
143
-58
89
-16
3
150
148
118
37
40
-44
-71
32
-72
-29
-3
101
40
-84
-100
-21
103
-91
-74
-100
-66
121
30
83
47
22
-54
-54
-37
28
108
27
54
-33
92
45
20
72
-11
63
-89
91
147
78
127
13
22
-69
118
18
-87
-89
129
-9
92
100
-87
-40
143
21
15
35
111
137
-76
-3
72
-36
66
43
23
6
-94
133
-9
115
-61
-16
50
-24
-15
-31
144
23
121
-62
22
-68
57
132
-86
31
-69
52
54
17
33
118
91
43
-94
136
-12
-74
59
30
-4
8
7
-63
60
-22
41
88
50
113
-52
112
-13
-69
-84
-13
72
127
105
96
25
-56
150
-81
-89
13
-5
36
102
67
148
106
66
-86
124
129
-29
-33
-71
-65
-30
61
38
-73
-25
12
-55
-96
99
31
-37
127
61
-80
-29
99
-31
-37
-32
101
-50
136
12
78
-67
-26
-69
99
117
47
142
-18
74
55
70
80
104
49
146
-25
-12
7
91
31
142
-88
-82
135
-67
104
121
32
109
112
82
68
0
-67
86
-76
-55
134
53
-3
73
-7
108
-29
139
-50
12
113
-31
-42
115
3
21
-1
4
-27
-15
113
19
67
-14
101
114
144
-57
8
-65
-31
-33
-12
-75
-59
-1
-14
43
88
51
-50
3
73
-35
20
-19
-67
27
-21
53
27
-17
65
46
-40
70
48
43
123
33
-1
87
146
29
19
31
79
-32
-44
49
27
-83
-75
26
138
-11
61
100
48
92
113
61
-24
46
5
-81
-97
129
-57
94
123
45
14
80
-94
66
31
92
40
7
119
47
45
-71
48
46
65
84
111
106
-60
-12
-77
-94
11
107
-49
112
-52
88
130
-47
-13
95
26
35
-46
-76
-25
31
-30
136
-3
140
-81
46
65
-14
-95
-93
62
106
20
75
83
60
126
104
-73
98
48
130
58
46
-67
124
91
-83
-61
105
-63
-59
145
-52
67
3
-12
-22
-3
149
-34
119
11
143
-87
146
139
-83
121
93
-88
72
80
59
-73
-12
-35
141
-38
-56
104
31
-4
119
-28
-44
22
58
60
-51
88
-86
-95
-90
85
149
-78
76
64
-55
-51
137
138
-93
63
-87
-69
131
102
68
-14
-46
128
52
52
95
-55
31
-46
38
34
-78
29
114
97
115
-95
128
31
124
-53
-30
12
139
13
-12
-44
-79
-67
15
149
113
150
-67
69
45
43
1
47
-35
99
64
142
150
72
133
32
-13
61
105
146
-29
65
150
-72
32
38
-37
134
-4
41
135
-13
148
16
16
146
57
43
0
-75
19
104
2
61
21
-83
-86
-85
-49
-89
-40
114
77
54
123
133
99
86
45
8
99
-71
9
45
132
81
-99
25
71
5
75
-69
96
71
-30
22
92
-92
106
-91
98
-38
-3
-65
131
51
75
49
47
17
70
60
81
-92
54
100
-34
57
26
98
6
55
115
66
-88
49
5
139
102
62
13
-87
-53
132
-20
-28
134
-25
26
72
120
1
96
-49
93
129
-83
148
-26
117
-68
-72
26
5
56
26
20
110
-87
76
-15
67
99
-71
133
-29
-93
79
-80
146
67
-11
-40
21
139
-90
124
88
29
12
-65
-42
12
27
87
134
1
43
48
-14
-26
14
-79
-35
92
37
-2
76
-19
88
-57
-55
-99
45
86
74
-17
101
132
14
-10
-93
32
136
60
104
138
12
130
32
-16
42
104
-61
-53
-82
112
2
-4
80
146
-62
18
80
-54
-95
14
-11
90
55
-23
-69
101
59
125
61
23
107
-22
66
-92
-35
-26
-2
-12
1
-11
-70
140
77
5
10
66
77
19
58
80
134
28
3
62
-14
26
111
107
115
36
38
-53
5
-21
-12
-28
82
142
73
8
92
147
50
126
65
-8
128
36
-97
-76
72
105
150
107
-61
-4
127
-24
60
63
98
-29
-69
-89
69
116
66
28
-18
-67
18
-26
-43
-39
-1
65
-31
-21
-3
86
71
-45
-87
49
50
72
-9
29
36
-100
89
-67
-38
122
129
82
99
-33
117
-36
111
81
38
-31
111
61
-82
-41
32
48
-19
107
-44
103
-24
141
49
88
-32
15
89
12
-97
-68
149
45
67
41
-28
102
-37
-66
62
24
-98
-33
-61
-34
80
91
122
98
35
-87
35
-60
-26
-60
-58
-12
104
-14
0
126
113
-39
-38
-56
3
-66
68
89
-48
32
46
145
93
-60
-18
-54
80
20
28
-45
-29
105
79
-27
-86
-74
141
-13
-7
-93
-46
20
-43
26
43
-41
14
10
-7
-90
101
78
-26
32
-7
147
98
-66
-22
109
-68
101
114
110
105
63
-88
32
9
-11
-91
17
146
91
18
136
-2
80
93
-77
84
90
144
-50
108
39
140
55
72
-88
55
-46
-49
-42
-86
-91
-40
97
20
-31
-58
-23
-100
-32
149
-56
101
32
22
145
47
141
24
22
-72
-54
26
-2
67
127
-80
129
91
40
133
-83
83
-39
78
-19
-100
109
-84
11
61
20
-81
-6
-27
72
31
141
113
-97
119
-45
76
-94
-19
-44
30
-81
-95
47
-32
31
-41
-46
115
-84
-33
88
78
34
-69
7
119
-29
-85
-79
-53
107
140
-73
-86
35
96
42
46
64
78
-10
33
-62
38
150
74
150
131
-14
80
-20
-88
104
88
-10
37
141
-74
117
55
109
136
-5
104
10
70
138
34
-16
97
17
90
56
43
-48
54
71
117
101
-90
33
50
148
90
140
-92
80
-95
105
-12
34
-28
-26
14
-60
149
115
142
-79
-40
-58
83
72
-99
50
-28
97
-77
71
126
-17
68
-17
67
121
-55
20
5
109
41
11
66
10
83
114
29
-21
-54
-1
47
-43
-31
98
61
146
-19
95
59
110
108
107
-96
110
-26
-46
77
15
51
73
-8
117
-94
-76
0
103
46
-53
-26
28
96
121
47
-51
45
-86
55
97
90
142
-7
-76
96
65
-50
43
28
19
110
-100
131
-37
-15
-5
68
124
2
38
30
-100
41
143
76
65
133
57
7
-71
-98
-5
-18
110
20
-79
135
118
69
104
-31
-4
-16
14
54
-85
-39
-67
146
46
-16
51
150
-22
67
-30
89
71
135
-91
76
4
87
26
-38
-66
116
-27
26
138
29
117
134
81
-69
122
10
-52
71
119
147
-8
150
61
-98
-18
141
-33
142
-96
-51
2
138
-88
-1
36
40
124
134
-30
83
130
-75
-22
-16
54
96
73
92
-77
29
-87
-31
30
9
84
55
-61
135
-82
-30
81
102
3
-28
-35
-76
-78
77
126
47
121
88
-84
-94
14
116
58
-27
89
146
-48
86
66
119
-83
60
55
98
100
106
145
-5
123
-76
40
129
140
125
-41
-45
-11
-74
-88
24
78
135
28
-5
95
148
-81
-13
-32
109
54
-43
91
3
-8
-36
41
-21
116
-35
108
126
19
-68
132
-7
-37
111
54
102
-78
75
-48
89
-11
13
135
125
-6
-63
-100
26
126
-47
142
3
-71
131
26
-39
115
43
-41
116
-39
2
103
150
117
-39
7
13
22
-56
102
61
-80
70
-59
100
-49
120
126
126
-59
150
53
-43
79
-40
35
61
-13
-97
3
42
99
36
-29
146
-88
105
-45
-56
82
34
-100
19
-93
46
-24
-57
18
-34
-91
119
-59
33
36
-62
96
-64
96
-65
-76
-7
-59
-85
-6
-60
57
-1
-53
-54
-92
129
-20
52
67
-65
67
-40
61
24
-41
33
128
-72
132
-82
39
-53
-92
106
132
-61
132
122
-75
117
28
-64
43
-16
132
-19
31
48
-25
88
134
-93
58
140
22
73
-18
-24
26
-33
14
-81
-25
-85
-93
-63
-91
130
97
53
-2
130
1
118
-24
-81
147
129
-37
-76
-17
148
85
120
96
106
54
-45
121
-89
-84
-31
-1
-28
40
-75
-81
-57
70
-35
-48
-71
-45
90
71
82
26
-74
-43
37
57
111
-41
-85
-92
-14
82
87
-15
-15
84
56
102
-30
69
24
-59
-23
-6
104
-88
94
31
72
24
76
9
-20
117
89
-89
-34
95
-25
30
113
-11
121
96
40
72
-68
-17
44
85
-13
-30
22
140
38
-13
-77
-83
33
-25
-18
84
13
37
131
17
140
-57
136
82
127
-75
117
104
129
127
128
114
127
85
95
133
102
72
143
77
-61
150
24
104
101
93
-39
21
82
-57
119
-38
-30
48
56
-58
-13
55
20
12
49
-56
-61
-51
14
137
-15
77
80
18
-42
64
106
-73
109
24
86
128
-26
120
-2
-41
37
-43
118
-47
120
-48
148
-73
61
53
93
-20
22
71
-23
-84
104
105
8
147
-38
-2
32
-11
37
-34
80
-82
-82
66
-58
-70
134
-6
48
-57
63
86
0
28
-11
-96
-88
-89
2
109
103
-26
-54
148
103
-13
-15
-77
111
18
-100
53
141
61
95
27
-42
-45
-70
-64
118
-66
98
29
84
-43
-63
-59
112
61
36
-90
23
94
-70
-4
139
-26
35
-14
131
41
-17
-7
82
-38
54
-38
-18
-34
106
30
-47
46
147
47
-26
41
-64
103
90
-59
145
-4
47
43
-31
48
146
109
90
-30
118
-2
-67
115
-9
-11
44
-97
-56
8
88
149
-42
135
27
146
59
-77
61
57
73
78
127
-10
112
-74
90
140
-28
-80
124
-83
73
-78
-20
74
16
-73
66
92
-52
-72
-45
143
-68
-26
-25
87
119
10
87
17
-40
-82
101
-22
15
146
130
137
29
61
-56
-99
102
23
68
0
-40
-54
-53
-27
62
48
-30
93
-24
144
120
112
-70
-47
94
-61
14
23
127
106
89
8
-6
-65
54
150
-2
117
-83
138
6
-89
-57
68
57
79
134
-13
33
-53
37
32
-17
134
81
70
-37
132
89
-34
130
-5
-43
-50
-89
112
36
-6
-63
-100
56
54
103
91
44
-47
142
126
68
85
125
5
129
-15
78
28
98
-68
-73
117
76
-50
6
51
62
69
34
-57
-30
40
-38
-3
9
0
95
97
-46
34
139
49
-41
19
93
10
130
142
70
80
-46
49
-33
-57
-44
14
-16
34
29
2
55
-55
-48
89
51
-98
75
125
-38
87
28
-5
17
56
-67
12
-52
53
83
109
-17
30
110
24
85
7
-81
-43
138
62
-27
13
28
-61
-21
44
145
-35
131
147
140
-54
-94
-13
123
-19
3
2
56
98
123
-79
20
140
-29
-8
-70
83
-56
15
9
99
81
22
88
48
28
-35
-99
90
-64
125
-61
45
115
14
113
34
-37
-45
73
82
90
112
-93
54
-72
83
18
-5
71
-75
62
19
-50
34
79
64
-54
122
54
8
117
-62
106
-64
137
97
77
30
101
-97
-63
41
2
133
98
-59
-73
-52
55
110
70
40
130
-69
29
57
2
105
149
-77
142
40
144
67
-19
-35
-71
-5
12
10
103
-14
-39
-38
-87
58
59
110
-44
126
125
-60
-76
80
62
-51
47
-30
108
-61
105
34
-58
-25
-18
87
-71
72
20
-99
6
59
-33
34
36
-51
0
14
-41
-76
-24
-46
-58
-12
-90
83
107
-59
-52
-88
138
72
-44
37
39
-39
-60
112
131
65
37
26
-90
90
31
101
105
-71
-45
102
112
-61
41
55
-58
14
52
105
-86
-60
109
14
52
99
90
49
5
-83
-39
130
-59
-24
66
115
-58
138
-32
-94
-32
14
-33
46
-21
116
-25
59
-9
67
-96
47
16
71
89
71
-93
-33
-67
1
100
88
65
5
63
-93
24
17
-43
-95
129
26
36
62
102
-96
-60
80
111
51
100
-94
63
2
7
-88
-5
82
127
84
19
115
25
96
54
52
-46
-68
15
149
76
91
52
-71
101
-28
-23
56
120
-81
13
-71
-10
148
-17
91
-54
-1
106
150
-22
18
-5
118
144
69
91
28
-28
23
-32
89
93
61
99
102
-48
-22
5
137
102
-41
132
-17
-54
150
45
0
1
17
59
10
-45
139
69
3
92
64
-52
-81
43
-31
54
-71
-79
89
-26
149
59
107
88
103
97
-16
33
95
72
14
76
5
-62
-40
90
5
74
131
113
-8
80
147
-94
83
-2
133
-22
127
7
101
-44
-87
-26
-43
-36
51
-97
49
33
80
32
-75
-88
-94
100
-22
-47
-9
-100
60
95
30
-37
-83
108
114
-31
4
147
-23
95
88
90
68
27
-9
102
7
-66
42
-22
-15
8
-37
-72
14
-35
-69
63
66
-20
45
38
-43
101
-72
50
-13
-47
53
122
45
95
-9
108
-45
93
99
53
54
-66
-56
-94
63
58
61
-15
123
74
-28
-96
32
136
28
66
113
-97
-67
92
-97
44
6
44
37
-79
-34
108
116
16
9
15
-42
-70
-16
-46
56
-37
-86
118
87
-100
118
15
103
45
-96
67
-7
11
38
99
55
-86
-93
-53
-68
-25
-86
-77
-48
-90
-55
-25
1
-33
82
48
82
19
-22
11
-8
3
77
-90
5
-27
87
-84
117
-69
69
-89
123
90
78
-84
-83
79
-31
-46
-44
48
72
137
49
-94
-93
109
28
10
116
29
-2
-2
135
16
105
103
-87
-70
33
36
118
89
-22
-95
89
48
-6
-29
47
34
37
136
-48
52
68
143
15
-80
-54
-32
-92
99
4
-3
-29
-71
112
50
89
-84
-40
-34
34
-49
32
12
53
-57
102
137
145
50
25
-99
57
68
-97
17
-92
-38
115
19
-56
-58
-48
120
-66
142
84
-85
-5
132
-28
-63
138
107
-51
124
1
29
148
46
-74
120
-97
93
74
126
7
43
137
-24
144
88
-11
70
-92
55
147
120
-29
-3
-54
143
57
89
22
117
124
53
102
87
95
75
62
-67
-88
-50
-18
130
109
-2
-26
45
-16
-57
23
-44
135
25
117
-66
-61
7
-1
-60
146
6
76
110
-95
79
67
51
-83
97
12
-36
-83
-51
-69
22
116
-42
85
-9
-17
60
55
4
-76
9
-83
60
-10
144
60
6
-62
104
-26
97
24
-9
-16
-37
-56
21
147
140
-88
109
73
48
38
113
-56
-2
-15
136
136
62
-98
-47
-40
5
60
-85
68
120
-14
-90
107
116
78
97
-95
17
90
111
-34
135
-86
34
-65
114
-42
-57
57
19
-4
40
-81
143
91
30
101
56
134
-62
-60
125
99
101
-45
-1
8
102
113
22
148
11
27
-35
-91
59
138
26
33
-85
136
-27
-76
50
-98
-73
-60
137
-76
74
-69
-58
-39
-87
-80
87
137
-71
-74
-34
36
-62
40
-17
11
-61
16
146
125
131
25
-53
90
111
44
20
144
75
69
-100
-70
140
25
133
-45
-20
8
82
-58
-19
-36
140
71
-40
-67
23
13
67
75
-34
77
112
136
132
-71
67
76
81
114
37
-50
3
68
106
-97
-47
109
64
35
102
-86
-8
5
3
-21
80
114
147
-65
148
-71
67
70
105
-41
-26
43
126
-50
103
-66
-50
98
-32
-2
-1
44
2
112
-4
103
-11
28
56
-84
-11
20
116
143
110
73
83
-66
106
23
-18
-14
16
66
71
111
141
19
62
101
-80
-1
-22
116
-60
89
73
137
118
-47
-72
-89
-91
-43
-77
-38
25
-73
120
72
-100
-55
34
27
148
-76
-19
90
-97
-50
15
-16
119
-64
140
78
-89
103
63
85
129
-9
-35
49
98
29
131
79
108
136
-28
-72
100
-32
114
139
112
-59
-31
61
114
81
-3
-58
-30
-23
148
-13
143
2
91
-60
146
-94
-41
13
-93
56
140
149
-56
-99
106
80
65
-5
150
129
110
93
2
-90
97
90
-72
60
95
88
-49
53
62
-80
-15
-99
-24
-13
-41
55
79
96
-73
68
-83
144
131
-72
74
100
-32
-12
-59
-57
63
-94
66
-13
50
57
-37
98
81
-42
39
57
-43
7
-65
134
48
-7
81
105
89
-29
119
44
8
-73
8
-99
-82
-81
125
-89
-8
-19
38
62
-86
-25
-21
13
-86
51
92
-56
-79
108
120
-20
108
-69
62
120
18
70
80
0
-40
-82
-28
125
-84
147
-92
36
-68
85
35
-92
133
79
-29
101
147
-16
71
41
-96
52
-66
93
80
18
83
125
121
-23
-16
-7
-65
-51
101
45
-40
25
-45
-23
-19
36
42
-87
112
104
100
8
-79
116
149
-65
-71
-54
89
11
-9
65
0
-21
146
-48
48
136
-59
111
116
144
50
133
146
-37
64
64
59
149
-41
49
-28
-91
-13
129
-95
-89
75
-70
-63
-55
-5
27
-64
122
62
-92
30
141
136
-27
-35
32
95
89
118
-55
-48
34
144
41
64
0
143
20
-80
-13
-17
24
-34
86
12
143
11
51
-24
-30
88
125
117
-33
-8
117
83
110
-54
58
47
-50
83
19
-6
20
-95
-55
145
-16
-28
-14
-57
11
97
17
20
90
-69
55
53
-12
35
-94
22
-98
22
-49
24
87
21
147
3
9
-74
50
135
128
-11
-67
16
109
57
-24
129
6
-71
-43
70
-18
95
-94
64
28
147
39
-79
46
28
138
-89
31
-86
48
-20
103
-29
109
40
60
131
-9
66
-76
39
17
150
-37
-12
84
106
140
110
80
44
81
141
-25
35
-88
-79
37
99
52
34
-80
0
10
-73
109
124
65
-60
32
147
84
92
85
-78
103
126
139
36
41
-93
66
91
91
104
49
-38
-5
-44
-100
68
91
13
91
57
31
-40
-98
-81
-81
117
14
121
-19
74
38
-91
-6
51
98
147
-48
-30
60
-17
31
84
-38
108
-73
58
143
-43
126
82
59
62
-43
90
30
116
-77
145
-34
52
-71
-15
87
148
17
74
-17
-1
38
-38
101
65
81
-3
18
-54
-26
113
-1
40
129
24
-84
100
-49
79
116
-25
131
-67
20
-66
-47
65
114
45
-45
-53
22
147
8
-24
42
136
145
-92
20
128
118
-78
127
-21
23
110
-91
60
-96
-37
45
-35
-17
-31
98
124
-64
-88
3
97
-66
-87
7
42
63
75
92
-57
99
-49
101
-35
-72
146
-92
6
44
-6
75
-2
-65
-28
-52
-28
101
-73
-65
33
-44
68
150
150
74
129
142
-27
6
-53
0
111
-7
73
32
131
91
31
128
99
44
-45
-66
-44
104
132
114
17
147
-49
1
33
-80
-38
-51
72
-75
3
-92
-66
82
-59
72
96
138
-61
-84
70
141
91
-75
-83
31
69
-3
109
-8
116
-34
84
-54
117
92
1
-18
116
-20
67
48
20
48
-59
-34
106
70
28
56
79
81
-59
-25
-80
-55
55
110
52
-11
44
92
40
109
79
134
111
31
104
57
37
89
-6
-81
110
76
5
12
-15
-35
92
137
46
133
120
-1
81
150
19
110
101
47
-94
56
80
-41
-80
2
8
59
60
134
32
0
117
62
87
-2
147
56
25
-69
114
10
119
124
-96
-62
73
-1
-59
116
30
-44
-72
-33
-18
72
-71
108
30
-15
-53
-98
51
129
-5
133
27
-92
135
77
28
-18
-32
51
-53
68
-13
32
-85
12
3
6
56
72
124
-2
-35
35
25
129
26
-91
147
0
107
147
2
11
48
78
132
69
55
-29
-61
50
65
-87
4
141
-21
-68
69
-50
-7
-30
-6
68
0
40
62
23
-57
-79
70
-48
-95
127
-51
61
42
4
62
-32
-83
83
126
22
16
-96
92
137
-79
124
-89
118
-28
3
148
145
-91
79
-2
-99
100
137
82
-32
104
-50
125
-29
91
144
-7
129
-21
-28
23
59
-71
54
-69
-12
-93
29
-66
146
120
-95
-58
96
64
89
-3
-73
91
-48
25
19
111
73
116
-78
119
40
-31
-26
55
138
-49
49
129
-99
-14
54
-34
16
134
54
117
117
135
135
-44
54
-55
98
-9
-64
66
-23
49
-12
-11
-50
-16
-33
96
-39
78
100
-28
-59
-61
24
-34
135
9
-37
54
-16
34
33
-34
101
92
107
25
-41
49
-88
-87
-67
20
30
59
-20
109
-26
133
-22
-45
-20
50
-3
85
71
-1
-67
-75
39
-78
19
34
135
-94
102
-30
14
57
5
132
125
29
-19
56
85
43
128
105
24
47
-17
36
-36
-18
40
15
-6
56
1
6
118
94
-61
-27
68
119
-56
-48
127
-86
-44
-94
-60
73
77
-91
-43
-95
-35
18
95
76
49
142
-81
-59
-90
72
-9
41
-22
-63
-98
-98
139
150
-74
-4
-57
97
39
20
-10
-70
99
-44
-25
-40
141
71
-70
-12
57
100
53
112
-76
122
134
31
-48
-92
68
-12
30
-18
-66
11
48
31
20
-100
43
47
-61
64
-50
-18
94
-23
108
115
53
8
-20
-11
141
-74
22
19
14
-24
17
70
23
-63
131
-72
-24
1
-99
114
-13
-37
18
-69
8
89
-36
14
67
-23
32
102
60
27
14
76
43
-47
32
91
-76
-81
138
78
51
-83
146
-97
16
-55
-64
-65
17
142
-58
101
8
93
60
51
-94
-75
-83
119
-99
-76
-45
131
112
-52
136
46
83
-66
57
16
-84
39
-93
-67
94
-10
30
15
-36
6
-35
-93
-95
149
96
82
-6
120
-7
140
126
135
6
24
108
114
19
35
71
-90
90
68
28
-18
-100
42
44
139
-32
145
121
5
-37
139
146
-65
148
100
-12
-83
124
102
-8
65
107
145
5
42
94
-86
-99
-93
33
21
16
65
-24
-42
87
-94
127
23
-81
97
12
-67
-6
58
105
140
-68
103
-1
56
87
148
120
-55
-44
139
-75
31
-11
42
-100
-15
-93
141
88
83
-7
-32
102
-62
-48
87
69
41
-99
-82
25
72
2
81
89
67
-63
129
13
-90
23
144
73
-16
19
-33
124
63
-71
-15
86
-73
-23
-68
148
101
59
128
105
-51
20
100
-53
-60
-98
107
50
-22
-25
-63
-72
-96
86
-79
121
67
-40
76
64
-66
-63
-67
-68
-89
-57
-66
-3
-75
8
45
137
14
44
-8
94
150
78
-54
137
94
-53
40
125
93
108
79
136
93
0
77
139
-85
19
3
1
-33
-13
-99
54
34
-61
-6
100
32
-31
130
118
37
72
96
51
33
-97
-75
71
21
147
114
-34
149
-5
88
119
-33
-18
-75
-41
32
-44
-52
133
87
-88
127
117
68
113
147
58
139
-2
-40
-5
83
101
147
90
-31
-89
-37
13
149
-22
-97
110
-42
-80
46
111
80
-98
136
50
-78
-33
48
-66
146
-74
44
-9
6
-22
83
64
-2
18
73
-13
136
-36
40
147
61
-25
-8
-62
-66
-55
94
-23
-93
-83
146
-15
127
139
77
135
11
-6
-67
115
-48
-38
64
59
53
119
-80
-2
-98
-28
-75
-82
-42
-29
-11
-90
-70
13
17
-6
-73
78
25
-89
-26
101
-58
115
-68
6
136
-12
-6
-87
-34
108
12
-18
124
-66
-57
35
38
74
130
2
96
25
10
33
-52
-89
140
110
-18
80
78
105
-6
15
0
-94
-64
-86
69
-22
-94
113
56
67
-23
105
148
-28
-24
135
143
-17
85
24
30
57
117
99
118
59
-96
95
-39
137
60
-61
142
-66
-87
46
147
-10
-64
27
-7
-28
-42
38
102
147
-52
-63
-76
86
-83
147
91
-2
88
69
145
-17
-1
-47
82
-28
114
65
34
23
-31
69
-11
-46
20
120
-25
-49
56
99
121
-97
-54
-45
65
47
-58
-100
5
101
68
-94
50
71
12
83
67
76
147
-28
-93
113
124
-62
127
-46
21
49
127
127
108
-95
73
46
-20
-53
-91
-77
127
-47
61
55
-39
-78
74
54
-76
-53
131
-69
69
10
137
-16
148
-13
14
8
49
-75
71
-3
85
102
111
-45
37
51
28
3
21
103
-30
-46
40
36
-36
22
-59
78
89
4
73
-11
31
-26
7
150
92
-92
99
111
-47
11
-81
149
128
-39
-35
-41
34
4
85
-23
89
-11
72
17
140
138
-85
0
-1
-3
75
105
44
84
51
-83
32
-27
116
105
0
-52
99
27
96
-8
49
136
-45
146
2
36
104
116
106
-75
144
67
100
53
66
-82
93
118
110
-14
146
-90
63
88
-27
-91
-59
-40
129
75
-8
84
-26
-97
109
-37
-51
